id,presence,candidate_term_left,candidate_term_right,occurrence,full_context
H15_economy_1,none,[None],[None], a millones de ecus incluido un 8,"1998. El importe estimado necesario para la ejecución del programa asciende a millones de ecus incluido un 8, 5 % para los gastos de personal y funcionamiento. En"
H15_economy_2,none,[None],[None], prioridades que hay que establecer teniendo en cuenta las grandes,"compartidos cuando esté indicado para tareas de investigación concretas. Hay numerosas prioridades que hay que establecer teniendo en cuenta las grandesvariaciones entre los sistemas de salud nacionales, las estructuras de investigación"
H15_economy_3,left,"['resistencia', 'tratamientos']",[None], resistencia a los tratamientos convencionales incluido el problema,"y pedologías nuevas como los priones, así como el mecanismo de resistencia a los tratamientos convencionales incluido el problemade las infecciones nosocomiales; - la prevención de la enfermedad,"
H15_economy_4,left,['enfermedad'],[None], la prevención de la enfermedad incluido el desarrollo,"tratamientos convencionales, incluido el problema de las infecciones nosocomiales; - la prevención de la enfermedad incluido el desarrollode nuevos sistemas específicos de vigilancia para determinar el modo de distribución"
H15_economy_5,both,"['tumores', 'metástasis']",['caracterización'], los tumores y de las metástasis incluida la caracterización,"de la carcinogénesis. - los mecanismos moleculares de la génesis de los tumores y de las metástasis incluida la caracterizaciónde los genes y de las proteínas responsables, y, en"
H15_economy_6,left,"['predispone', 'cáncer']",[None], motivo predispone al cáncer incluido el desarrollo,normales y de las anomalías que pueden alterarlas y 'por ese motivo predispone al cáncer incluido el desarrollode modelos celulares y transgénicos precisos que convengan a la investigación sobre
H15_economy_7,both,"['tratamientos', 'sistémicos']",['agentes'], las modalidades de tratamientos sistémicos incluidos los agentes,de intervención curativa; - la investigación que apoya la eficacia de las modalidades de tratamientos sistémicos incluidos los agentescitotóxicos y los que modifican la respuesta biológica; - la investigación
H15_economy_8,both,['tratamiento'],['cuidados'], de evaluación de un tratamiento incluidos los cuidados,normales a la irradiación; - la calidad de vida como parámetro de evaluación de un tratamiento incluidos los cuidadosen fase terminal y la rehabilitación. Investigación farmacéutica El objetivo general
H15_economy_9,left,"['enfermedades', 'menos']",[None], para las enfermedades menos conocidas incluido un inventario,la investigación en las metodologías de metaanálisis y los ensayos clínicos aleatorios para las enfermedades menos conocidas incluido un inventariode éstas y un depósito de los medicamentos conocidos como huérfanos»
H15_economy_10,left,"['mecanismos', 'dolor']",[None], sobre los mecanismos del dolor incluido el desarrollo,avanzadas y las infraestructuras dispersas por toda Europa; - la investigación sobre los mecanismos del dolor incluido el desarrollode nuevos tratamientos y la realización de ensayos clínicos para evaluar la
H15_economy_11,left,"['investigación', 'ciencias', 'cognitivas']",[None], la investigación sobre las ciencias cognitivas incluido el desarrollo,"tratamiento en las minorías y los grupos de riesgo elevado; - la investigación sobre las ciencias cognitivas incluido el desarrollode modelos de comportamiento neuronal, el aprendizaje, la memoria y"
H15_economy_12,left,"['datos', 'datos genéticos']",[None], los bancos de datos genéticos incluida la participación,mocoviscidosis. Se estimulará la puesta en común y la armonización de los bancos de datos genéticos incluida la participaciónde la Comunidad Europea en la gestión de la base de datos
H15_economy_13,left,"['análisis', 'genoma', 'análisis del genoma']",[None], y el análisis del genoma incluyendo la construcción,"de forma que estas modificaciones resulten hereditarias. - la cartografía genética y el análisis del genoma incluyendo la construcciónde mapas de transcripción integrados, la secuenciación de regiones cromosómicas específicas"
H15_economy_14,left,"['función', 'gen', 'función del gen']",[None], de la función del gen incluidos la mejora,cromosómicas específicas y la explotación de enfoques comparativos; - en análisis de la función del gen incluidos la mejorade la técnicas de focalización en los genes y el desarrollo de
H15_economy_15,both,"['análisis', 'regulación', 'regulación genéticas']",['identificación'], el análisis de la regulación genéticas incluyendo la identificación,genes y el desarrollo de modelos animales como el ratón; - el análisis de la regulación genéticas incluyendo la identificaciónde secuencias de regulación y el análisis de los mecanismos de regulación
H15_economy_16,both,"['diagnóstico', 'enfermedades', 'enfermedades genéticas', 'diagnóstico de enfermedades', 'diagnóstico de enfermedades genéticas']",['factores'], el diagnóstico de enfermedades genéticas incluyendo los factores,"de genes específicos, sobre todo los implicados en enfermedades; - el diagnóstico de enfermedades genéticas incluyendo los factoresno genéticos y el desarrollo de los protocolos de evaluación del riesgo"
H15_economy_17,left,"['terapéutica', 'genética', 'terapéutica genética somática']",[None], terapéutica genética somática incluyendo el desarrollo,"y del consejo genético, insistiendo en la prevención potencial; - terapéutica genética somática incluyendo el desarrollode vectores de transferencia de materia genético a las células in vitro"
H15_economy_18,left,"['bases', 'datos', 'bases de datos']",[None], las bases de datos incluyendo la recogida,"coordinación de los ensayos clínicos sobre la terapéutica genética somática; - las bases de datos incluyendo la recogida, el almacenamiento y el análisis de los datos experimentales y el"
H15_economy_19,none,[None],[None], el desarrollo de tecnología incluida la promoción,desarrollo de una base de datos integrada sobre el genoma; - el desarrollo de tecnología incluida la promociónde la investigación dirigida al desarrollo de métodos adaptados para cumplir todos
H15_economy_20,none,[None],[None], de gestión de la seguridad incluida la definición,efectos a corto y largo plazo; - el desarrollo de técnicas de gestión de la seguridad incluida la definiciónde buenas prácticas de seguridad y la evaluación de su eficacia para
H15_economy_21,both,"['enfermedades', 'cardíacas', 'vasculares']",['investigación'], las enfermedades cardíacas y vasculares incluida la investigación,"el análisis de los mecanismos celulares y moleculares responsables del desarrollo de las enfermedades cardíacas y vasculares incluida la investigaciónsobre el crecimiento, las lesiones y la reparación de las células"
H15_economy_22,both,"['genética', 'enfermedades', 'cardiovasculares', 'enfermedades cardiovasculares']",['identificación'], genética de las enfermedades cardiovasculares incluidos la identificación,"la reparación; - la investigación sobre la comprensión de la base genética de las enfermedades cardiovasculares incluidos la identificacióny la decodificación de los genes, la investigación sobre el modo"
H15_economy_23,left,"['investigación', 'clínica', 'investigación clínica']",[None], la investigación clínica incluida la evaluación,"animales, cuando sea necesario así como de estrategias terapéuticas; - la investigación clínica incluida la evaluación, verificación y definición de la contribución que la investigación fundamental ha"
H15_economy_24,right,[None],['investigación'], Investigación en salud pública incluida la investigación,de medicamentos «huérfanos» con vistas a la investigación clínica. Investigación en salud pública incluida la investigaciónsobre servicios de salud Podrían evitarse más de 110000 muertes antes de
H15_economy_25,none,[None],[None], y evaluación de las necesidades incluidas las de,"educación en materia de salud y sobre la prevención, atención primaria y evaluación de las necesidades incluidas las delos nuevos grupos en situación de dependencia; evaluación de la eficacia"
H15_economy_26,left,['médicamente'],[None], la procreación médicamente asistida incluyendo la predeterminación,"parte del público de los problemas asociados al progreso biomédico. - la procreación médicamente asistida incluyendo la predeterminacióndel sexo, el diagnóstico preimplantatorio y prenatal, la investigación sobre"
H15_economy_27,both,"['humano', 'clínicas', 'aplicaciones clínicas']",['diagnóstico'], humano y sus aplicaciones clínicas incluidos el diagnóstico,"la donación de esperma y ovocitos; - el análisis del genoma humano y sus aplicaciones clínicas incluidos el diagnóstico, la detección y la somatoterapia; - el fin de la"
H15_economy_28,both,['vida'],['cuidados'], el fin de la vida incluyendo los cuidados,", incluidos el diagnóstico, la detección y la somatoterapia; - el fin de la vida incluyendo los cuidadospaliativos, la eutanasia, la prolongación artificial de la vida por"
H15_economy_29,left,['investigación'],[None], la prevención o la investigación incluido el consentimiento,"consentimiento informado del paciente en cuanto al diagnóstico, el tratamiento, la prevención o la investigación incluido el consentimientode poblaciones vulnerables como los prisioneros o los pacientes incapacitados; -"
H15_economy_30,left,"['centros', 'investigación', 'universidades', 'centros de investigación']",[None], centros de investigación y universidades incluidos los consorcios,"siguientes: - los proyectos de IDT ejecutados por las empresas, centros de investigación y universidades incluidos los consorciospara proyectos integrados que los reagrupan alrededor de un tema común;"
H15_economy_31,left,"['científicas', 'técnicas']",[None], otras reuniones científicas o técnicas incluidas las reuniones,"de eventuales acciones futuras; - conferencias, seminarios, talleres u otras reuniones científicas o técnicas incluidas las reunionesde coordinación intersectorial o multidisciplinar; - recurso a capacidades de pericia"
H15_economy_32,left,"['capacidades', 'externas']",[None], a capacidades de pericia externas incluido el acceso,", incluidas las reuniones de coordinación intersectorial o multidisciplinar; - recurso a capacidades de pericia externas incluido el accesoa bases de datos científicos; - publicaciones científicas, incluyendo la"
H15_economy_33,left,['científicas'],[None], publicaciones científicas incluyendo la difusión,"externas, incluido el acceso a bases de datos científicos; - publicaciones científicas incluyendo la difusión, la promoción y la explotación de los resultados (en coordinación"
H15_economy_34,left,"['información', 'docenas']",[None], información de docenas o incluso de,"su axón forman sinapsis con otras neuronas-. Una neurona puede recibir información de docenas o incluso decientos de otras neuronas, cada una de las cuales puede formar"
H15_economy_35,left,['corazón'],[None], El corazón late regularmente incluso cuando está,estriado pero funciona como el músculo liso de una sola unidad. El corazón late regularmente incluso cuando estádenervado. La actividad neural y determinadas hormonas (especialmente las catecolaminas
H15_economy_36,both,"['pares', 'cromosomas', 'pares de cromosomas']",['par'], contienen veintitrés pares de cromosomas incluido un par,del cuerpo (a excepción de los espermatozoides y los óvulos) contienen veintitrés pares de cromosomas incluido un parde cromosomas sexuales. La información genética que programa el desarrollo de
H15_economy_37,none,[None],[None], se vuelven progresivamente más absorbentes hasta que interfieren,sentido y desean desesperadamente librarse de ellos. Con frecuencia las compulsiones se vuelven progresivamente más absorbentes hasta que interfierencon la carrera profesional y la vida cotidiana de las personas.
H15_economy_38,left,"['vacunas', 'gérmenes', 'gérmenes muertos']",[None], por vacunas con gérmenes muertos incluso cuando son,"original sin causar enfermedad significativa. En muchos casos la inmunidad conferida por vacunas con gérmenes muertos incluso cuando sonadministradas con un adyuvante (véase más adelante), a menudo"
H15_economy_39,left,['determinar'],[None], será difícil determinar estas cuestiones hasta el momento,"citoquinas, o aun los procesos activos intraarticulares. Si bien no será difícil determinar estas cuestiones hasta el momentono se dispone de la información requerida. Queda la posibilidad de"
H15_economy_40,left,"['sustitución', 'conduzca']",[None], sustitución nos conduzca más lejos hasta el funcionamiento,lucha contra las infecciones. Es de presumir que esa técnica de sustitución nos conduzca más lejos hasta el funcionamientodel cerebro humano y la forma en que ciertos defectos génicos se
H15_economy_41,none,[None],[None], obstante incluso en estas,"gusano, y Drosophila melanogaster, la mosca del vinagre. No obstante incluso en estasformas sencillas de organismos pluricelulares, la identificación de todos los genes"
H15_economy_42,both,['engarzan'],['gen'], director lo engarzan todo incluido el gen,". Por el contrario, cuando las células insertan aleatoriamente el vector director lo engarzan todo incluido el gentk.,, en el ADN. Si no hay integración"
H15_economy_43,both,"['bases', 'datos', 'disponibles', 'bases de datos']",['nuestras'], las bases de datos disponibles incluidas las nuestras,". En esos casos, nuestros ordenadores realizan una búsqueda en todas las bases de datos disponibles incluidas las nuestras, para comprobar si la nueva secuencia parcial se solapa con alguna"
H15_economy_44,left,"['cerebro', 'hipocampo']",[None], cerebro además del hipocampo incluidos el neocórtex,"adquieren formas plurales. Los fenómenos ocurren también en diversas regiones del cerebro además del hipocampo incluidos el neocórtex- la sustancia gris - y la amígdala, una estructura implicada"
H15_economy_45,both,"['muchos', 'factores', 'cognitivos']","['habilidades', 'analíticas', 'habilidades analíticas']", en juego muchos factores cognitivos incluidas habilidades analíticas,"de agua lechosa. Esta tarea, ligeramente más complicada, pone en juego muchos factores cognitivos incluidas habilidades analíticas, aprendizaje y memoria, así como la habilidad para elaborar estrategias"
H15_economy_46,none,[None],[None], Según Collins hasta el momento,"de contratar seguros sanitarios, y a veces les resulta imposible. Según Collins hasta el momentose conocen "" unos pocos centenares ', de personas que han"
H15_economy_47,none,[None],[None], sostenida por los reformistas hasta una obsesión,". Las posiciones varían desde una infundada fe en la flexibilidad humana sostenida por los reformistas hasta una obsesiónpor la estirpe y la raza, que caracteriza a los conservadores"
H15_economy_48,both,"['realizar', 'pruebas']",['obtener'], se vuelven a realizar pruebas hasta obtener la,así los subtipos que funcionan mejor. Se subdividen los grupos y se vuelven a realizar pruebas hasta obtener lamezcla de antígenos más útil. La manipulabilidad inherente al ADN lo
H15_economy_49,left,['cientos'],[None], cientos de millones de años hasta la época,evolutiva del sistema inmunitario. Hemos de volver la vista atrás algunos cientos de millones de años hasta la épocaen que los primeros vertebrados evolucionaron a partir de sus antepasados invertebrados
H15_economy_50,left,"['especies', 'mamíferos', 'especies de mamíferos']",[None], de muchas especies de mamíferos incluido el mapache,"anfitrión se mantenga sano y apto para la reproducción. Los gametos de muchas especies de mamíferos incluido el mapache, portan un importante complemento de tales genes víricos, benignos y"
H15_economy_51,both,"['material', 'nuestras', 'vidas', 'nuestras vidas']",['lenguaje'], el material clave de nuestras vidas incluidos el lenguaje,"caso, no todos los memes son víricos. La mayoría conforma el material clave de nuestras vidas incluidos el lenguaje, el sistema político, las instituciones financieras, la educación,"
H15_economy_52,left,"['habilidades', 'cognitivas', 'especializadas', 'habilidades cognitivas']",[None], de las habilidades cognitivas especializadas incluidas la competencia,"sin embargo, admiten, desde hace tiempo, que la mayoría de las habilidades cognitivas especializadas incluidas la competenciaverbal y la espacial, guardan una moderada correlación mutua. Es"
H15_economy_53,left,"['demostrar', 'eficacia', 'terapéutica', 'eficacia terapéutica']",[None], de demostrar su eficacia terapéutica incluso con las,"de los ensayos clínicos que se llevan a cabo están a punto de demostrar su eficacia terapéutica incluso con laslimitaciones de las técnicas actuales. En especial, las inmunoterapias basadas"
H15_economy_54,left,"['impedirá', 'pacientes']",[None], impedirá que los pacientes incluidos los beneficiados,"Se investigan vías para complementar o sustituir genes defectuosos. Ello no impedirá que los pacientes incluidos los beneficiadoscon el tratamiento, sigan transmitiendo los genes defectuosos a su descendencia"
H15_economy_55,both,"['hallazgos', 'laboratorios', 'hallazgos recientes']",['nuestro'], Los hallazgos recientes de diversos laboratorios incluido el nuestro,"carrera, una potencia ligeramente mayor que la de sus contrincantes. Los hallazgos recientes de diversos laboratorios incluido el nuestro, han ampliado el conocimiento sobre la adaptación del músculo al ejercicio"
H15_economy_56,none,[None],[None], el ejercicio inducido eléctricamente podían reintroducir hasta cierto punto,"del músculo mediante activación eléctrica. Así, la electroestimulación muscular 0 el ejercicio inducido eléctricamente podían reintroducir hasta cierto punto, la miosina lenta en los músculos paralizados. Conversión del músculo"
H15_economy_57,both,"['bacterianas', 'replicar', 'cromosoma']",['inserto'], bacterianas y replicar su cromosoma incluido el inserto,fago para formar un virus recombinante. Este virus puede infectar células bacterianas y replicar su cromosoma incluido el insertode DNA. Figura 15. 8 El cósmido pJB8 contiene un
H15_economy_58,left,['longitudes'],[None], problema a sus longitudes previas incluso a las,"no puede predicarse lo mismo de los microsatélites, que vuelven sin problema a sus longitudes previas incluso a laspocas generaciones. En 1986 el grupo de Thomas F.,"
H15_economy_59,none,[None],[None], Sin embargo hasta el momento,dentro mismo de genes implicados en vías reguladoras de procesos fundamentales. Sin embargo hasta el momentosólo disponemos de pistas dispersas acerca de su posible tarea. Los
H15_economy_60,both,['microorganismos'],['partir'], de diseminar a los microorganismos incluso a partir,"huésped puede interaccionar con otros. En cambio, los intermediarios encargados de diseminar a los microorganismos incluso a partirde huéspedes totalmente incapacitados, pueden redoblar la virulencia. La modificación"
H15_economy_61,left,['equivalentes'],[None], por sus equivalentes en X incluso en zonas,cromosoma Y determinan proteínas que difieren sorprendentemente poco de las proteínas cifradas por sus equivalentes en X incluso en zonasque sufrieron la inversión en momentos muy tempranos. La explicación de
H15_economy_62,both,['cromosoma'],['destrucción'], el cromosoma X y el Y hasta la destrucción,"especie. ¿ Podría continuar el ciclo hasta desaparecer toda recombinación entre el cromosoma X y el Y hasta la destrucciónfinal de Y, quizá dentro de millones de años? Los"
H15_economy_63,both,"['tumores', 'tumores humanos']",['carcinomas'], parte de los tumores humanos incluidos los carcinomas,"de crecimiento no les estén enviando señales. En casi una cuarta parte de los tumores humanos incluidos los carcinomasde colon, páncreas y pulmón, se encuentran proteínas Ras hiperactivas"
H15_economy_64,left,['investigadores'],[None], Según algunos investigadores hasta un,", malformaciones de vasos sanguíneos y a una variedad de tumores. Según algunos investigadores hasta unpor ciento de los cánceres de mama hereditarios pueden corresponder a pacientes"
H15_economy_65,left,['ciclinas'],[None], parece que varias ciclinas incluyendo a la,"la ciclina B y de CDKl son responsables del paso hacia M parece que varias ciclinas incluyendo a laD y a la E, pueden hacer que la célula pase"
H15_economy_66,both,"['número', 'diferentes', 'cánceres diferentes']",['cáncer'], un cierto número de cánceres diferentes incluido el cáncer,"síndrome de Li-Fraumeni, una rara situación autosómica dominante que predispone a un cierto número de cánceres diferentes incluido el cáncerde mama. ¿ Cuántas mutaciones son necesarias? El estudio de"
H15_economy_67,both,"['células', 'corporales']",['celarlas'], en todas las células corporales incluidas las celarlas,"familiar, se hereda un alelo mutante RB, que se encuentra en todas las células corporales incluidas las celarlasde la retina (Figura 21. 4). Si el"
H15_economy_68,left,['sexos'],[None], entre los sexos es perceptible incluso sin la,"menos de un milímetro de diámetro en los machos, la diferencia entre los sexos es perceptible incluso sin laayuda del microscopio, cuando miramos cortes de tejido debidamente teñidos."
H15_economy_69,both,"['agrupamiento', 'familiar', 'agrupamiento familiar']",['parientes'], Este agrupamiento familiar incluso en parientes,"%, y en primos maternos del 8 al 13 %. Este agrupamiento familiar incluso en parientesfuera del núcleo familiar principal, respalda la hipótesis de una raíz"
H15_economy_70,left,"['mitad', 'generación']",[None], la mitad de la generación anterior hasta que se,"frecuencias para los dos sexos en cada generación, siendo las diferencias la mitad de la generación anterior hasta que sealcanza el equilibrio. Este concepto se ilustra en la Figura 24"
H15_economy_71,left,"['epítopo', 'diferente']",[None], responde a un epítopo diferente teniendo en cuenta que un,"antigénico reconoce un solo tipo de epítopo, cada tipo de anticuerpo responde a un epítopo diferente teniendo en cuenta que unantígeno puede tener más de un epítopo y que un mismo epítopo"
H15_economy_72,right,[None],['sencillas'], dificultades con las operaciones aritméticas incluso las sencillas,"uso, es bajo. Leen y escriben mal y tienen muchas dificultades con las operaciones aritméticas incluso las sencillas. En otros campos, sin embargo, hacen gala de una"
H15_economy_73,none,[None],[None], entendían incluyendo tal vez,"tejieron historias con personajes imaginarios para ayudar a explicar fenómenos que no entendían incluyendo tal vezlos rasgos distintivos, físicos y de comportamiento, de los enfermos"
H15_economy_74,left,['siglo'],[None], el siglo IV antes de Cristo hasta los años,"se le ocurrió reconstruir un árbol universal. Desde Aristóteles, en el siglo IV antes de Cristo hasta los añossesenta del siglo XX, se infería el parentesco entre organismos de"
H15_economy_75,right,[None],['atardecer'], Con el avance del día hasta el atardecer,"glándula produce con determinada cadencia melatonina, la hormona del sueño. Con el avance del día hasta el atardecer, la glándula pineal incrementa de forma gradual la síntesis de melatonina"
H15_economy_76,both,"['relojes', 'organismos', 'relojes biológicos']",['hombre'], los relojes biológicos de los organismos incluido el hombre,un salto simulado de horario ayuda a entender las bases moleculares de los relojes biológicos de los organismos incluido el hombreLas moscas se mantienen en tubos de vidrio pequeños (fotografía a
H15_economy_77,left,"['parientes', 'maternos', 'parientes maternos']",[None], el círculo de parientes maternos hasta incluir a,"sucesivamente. Según nos remontamos en la genealogía, mayor se hace el círculo de parientes maternos hasta incluir atodos los vivientes. De ello se infiere, en pura lógica"
H15_economy_78,left,"['secuencias', 'fácilmente']",[None], duplicar secuencias de ADN fácilmente hasta el infinito,cadena de la polimerasa ha vencido ese freno. La técnica posibilita duplicar secuencias de ADN fácilmente hasta el infinito; una muestra inicial pequeña de ADN puede multiplicarse en una provisión
H15_economy_79,left,"['hamiltonianos', 'cientos']",[None], hamiltonianos exigiría cientos de años incluso utilizando los,para los cuales la determinación de la existencia o inexistencia de caminos hamiltonianos exigiría cientos de años incluso utilizando losmejores ordenadores y algoritmos disponibles. En los primeros años setenta se
H15_economy_80,left,"['generación', 'generación']",[None], ARN generación tras generación hasta que evolucionan,"Investigación en La Jolla, «cría» billones de moléculas de ARN generación tras generación hasta que evolucionanmoléculas «campeonas» que poseen las propiedades catalíticas que él busca"
H15_economy_81,left,['juegos violentos'],[None], los juegos violentos advierte ya hasta cierto punto,"sexual. Muchos investigadores sostienen que la aversión de los niños a los juegos violentos advierte ya hasta cierto punto, de un desarrollo homosexual. (Para los partidarios del modelo"
H15_economy_82,left,"['células', 'somáticas', 'células somáticas']",[None], las células somáticas durante años hasta que una,"Por lo general, las mutaciones en estos genes se acumulan en las células somáticas durante años hasta que unacélula pierde un número critico de mecanismos de control del crecimiento e"
H15_economy_83,left,"['describieron', 'cáncer', 'familiar', 'cáncer familiar', 'casos de cáncer']",[None], describieron casos de cáncer familiar hasta principios de,con el gen alterado somáticamente Si bien hace mucho tiempo que se describieron casos de cáncer familiar hasta principios dela década de los setenta no se comenzó a conocer la relación
H15_economy_84,both,['mecanismos'],"['mutación', 'puntual', 'mutación puntual']", Varios mecanismos incluyendo mutación puntual,"13, ocurren en más del 50 % de los retinoblastomas. Varios mecanismos incluyendo mutación puntual, deleción y recombinación somática, pueden producir una pérdida de este"
H15_economy_85,both,"['tipos', 'detección', 'genética', 'detección genética', 'tipos de detección genética']",['formas'], los diversos tipos de detección genética incluyendo varias formas,". cap. 6). En el recuadro 11-1 se enumeran los diversos tipos de detección genética incluyendo varias formasde diagnóstico prenatal, que se estudian en este capítulo. Principios"
H15_economy_86,both,"['pruebas', 'laboratorio', 'pruebas de laboratorio']",['prueba'], de las pruebas de laboratorio incluyendo una prueba,adecuados 4 Es necesario un control de calidad de todos los aspectos de las pruebas de laboratorio incluyendo una pruebade eficiencia sistemática y debe llevarse a cabo tan pronto como sea
H15_economy_87,both,"['parcial', 'tamaño']",['ausencia'], una reducción parcial en el tamaño hasta la ausencia,"fenotipos que van desde la presencia de ojos normales, pasando por una reducción parcial en el tamaño hasta la ausenciacompleta de uno o de ambos ojos (Figura 7. 1"
H15_economy_88,both,"['ciclo', 'biológico', 'organismos', 'ciclo biológico']",['especie'], ciclo biológico de los organismos incluida la especie,la expresión crítica de los genes normales varía a lo largo del ciclo biológico de los organismos incluida la especiehumana. Los productos génicos pueden jugar papeles más esenciales en determinados
H15_economy_89,both,['ilustrar'],['patrones'], se discutieron para ilustrar que incluso en patrones,", un carácter controlado por tres pares de genes. Estos caracteres se discutieron para ilustrar que incluso en patronescomplejos de herencia, los principios fundamentales de la segregación y de"
H15_economy_90,left,['cromosomas'],[None], y tienen sólo cromosomas incluido un único,"con el síndrome de Turner son, muy a menudo, monosómicos y tienen sólo cromosomas incluido un únicocromosoma X. Se designan 45, X [Figura 9."
H15_economy_91,left,"['sexo', 'individuo', 'femenino', 'sexo del individuo']",[None], el sexo del individuo es femenino incluso si sólo,"la masculinidad en la especie humana. En ausencia del Y, el sexo del individuo es femenino incluso si sólohay presente un cromosoma X. La presencia del cromosoma Y en"
H15_economy_92,left,"['ácidos', 'nucleicos', 'ácidos nucleicos']",[None], observó que los ácidos nucleicos incluyendo el DNA,"la diferenciaba de las proteínas. Cuando las técnicas analíticas mejoraron se observó que los ácidos nucleicos incluyendo el DNA, estaban formados por cuatro bloques moleculares similares llamados nucleótidos. Hacia"
H15_economy_93,both,['coli'],['bases'], coli incluidas las bases,"todas las moléculas que contienen nitrógeno en la células de E. coli incluidas las basesnitrogenadas del DNA, contenían el isótopo pesado. El DNA que"
H15_economy_94,left,['complejo'],[None], demasiado complejo y quizás incluso ineficiente durante,"los nucleótidos, Crick razonó que las restricciones físicas harían el proceso demasiado complejo y quizás incluso ineficiente durantela traducción. Como veremos posteriormente en este capítulo, la predicción"
H15_economy_95,left,"['aminoácidos', 'purinas', 'pirimidinas']",[None], aminoácidos purinas o pirimidinas hasta que se,"y posteriormente en medios que contenían sólo una de las vitaminas, aminoácidos purinas o pirimidinas hasta que seencontraba qué suplemento específico permitía el crecimiento. Beadle y Tatum razonaron"
H15_economy_96,left,"['diversidad', 'organismos']",[None], la diversidad entre los organismos incluso los que,"CAPÍTULO Aparte de las mutaciones cromosómicas, la base más importante de la diversidad entre los organismos incluso los queestán estrechamente relacionados, es la variación genética. El origen de"
H15_economy_97,left,['generaciones'],[None], pasar desapercibida durante muchas generaciones hasta que el,de machos como de hembras (incluso los alelos letales) puede pasar desapercibida durante muchas generaciones hasta que elalelo resultante se haya extendido por la población. El nuevo alelo
H15_economy_98,both,['cromosomas'],['ejemplos'], el DNA se organiza en cromosomas incluyendo ejemplos de,"proporcionaremos, primero, las generalidades de las distintas maneras en que el DNA se organiza en cromosomas incluyendo ejemplos devirus, bacterias, y eucariotas. El material genético se ha"
H15_economy_99,both,"['estudia', 'numerosos']",['análisis'], estudia do utilizando numerosos enfoques incluyendo el análisis,"virus, bacterias, y eucariotas. El material genético se ha estudia do utilizando numerosos enfoques incluyendo el análisismolecular y la visualización directa por microscopía óptica y electrónica. Después"
H15_economy_100,both,"['infartos', 'tejidos']",['huesos'], e infartos de varios tejidos incluyendo huesos,"falta de oxigeno) localizada, «crisis» drepanocítica dolorosa, e infartos de varios tejidos incluyendo huesos, bazo, riñones y pulmones (un infarto consiste en la"
H15_economy_101,left,"['alteraciones', 'esqueléticas']",[None], su vez origina alteraciones esqueléticas incluyendo pómulos y,. La anemia Provoca la expansión de la médula ósea que a su vez origina alteraciones esqueléticas incluyendo pómulos ymaxilares superiores protuberantes y adelgazamiento de los huesos largos (aumentando su
H15_economy_102,left,"['hereden', 'alelo']",[None], afectados hereden el otro alelo incluso aunque el,todos los descendientes afectados hereden un alelo y que todos los no afectados hereden el otro alelo incluso aunque elmarcador no esté ligado al gen patológico. Este resultado engañoso es
H15_economy_103,both,"['enfermedades', 'enfermedades importantes']",['fibrosis'], se han localizado enfermedades importantes incluyendo la fibrosis,", de marcadores antes de encontrar un ligamiento. Utilizando este método se han localizado enfermedades importantes incluyendo la fibrosisquística, la enfermedad de Huntington, el síndrome de Marfan y"
H15_economy_104,both,['médicos'],['diagnóstico'], comprender los hechos médicos incluyendo el diagnóstico,"de forma apropiada ayuden al individuo o familia a: 1) comprender los hechos médicos incluyendo el diagnóstico, la evolución probable del trastorno y el tratamiento disponible, 2"
H15_economy_105,both,"['descubrimiento', 'virus']",['bacteriófagos'], del descubrimiento de los virus incluyendo los bacteriófagos,"en la percepción de una oportunidad sin precedentes. Recordemos nuestro relato del descubrimiento de los virus incluyendo los bacteriófagos, o «fagos», los virus que atacan bacterias."
H15_economy_106,both,['forma'],['simple'], desarrollado alguna forma de defensa incluyendo el simple,se recrea aquí a una escala minúscula. Todos los organismos han desarrollado alguna forma de defensa incluyendo el simpleexpediente de crecer rápidamente. Esto asegurará que algunos sobrevivirán por el
H15_economy_107,left,"['después', 'replicación']",[None], ligados después de la replicación hasta que se,"localizadas en los centrómeros, lugar en donde los dos cromosomas siguen ligados después de la replicación hasta que seseparan al dividirse la célula. Aparentemente, esta área del ADN"
H15_economy_108,none,[None],[None], el cual han sido hallados hasta la fecha,", por razones aún no conocidas, el gen humano, en el cual han sido hallados hasta la fecha, la mayoría de] os intrones, es el gen cuya"
H15_economy_109,left,"['exposición', 'clones']",[None], Nuestra exposición sobre los clones hasta ahora,un conjunto completo de clones que contienen la totalidad del genoma. Nuestra exposición sobre los clones hasta ahorase ha referido a ellos en la forma de colonias bacterianas transformadas
H15_economy_110,both,"['características', 'envejecimiento']",['piel'], espectacularmente diversas características del envejecimiento incluyendo la piel,"personas de edad avanzada con la hormona que regula el crecimiento revierte espectacularmente diversas características del envejecimiento incluyendo la piely el tono muscular. Aunque, por lo común, son"
H15_economy_111,left,"['genes', 'existencia']",[None], por genes cuya propia existencia hasta hace poco,"prestan, a lo sumo, a medidas paliativas. Son causadas por genes cuya propia existencia hasta hace poco, nos era desconocida. Aun después de que fuera revelado el"
H15_economy_112,left,['portadores'],[None], de los portadores y quizás incluso de,"mundo. Aumentó la esperanza de la posibilidad de pruebas diagnósticas precisas de los portadores y quizás incluso dealgún tratamiento para los que sufren la enfermedad. Sin embargo,"
H15_economy_113,left,"['actividades', 'proteínas']",[None], las actividades de las proteínas incluidas las de,grupos fosfato a moléculas de proteína. Tales grupos fosfato pueden modificar las actividades de las proteínas incluidas las deaquellas que regulan señales de crecimiento y la diferenciación. Sabemos también
H15_economy_114,both,"['crecimiento', 'tumores', 'tumores sólidos']",['melanomas'], el crecimiento de varios tumores sólidos incluidos los melanomas,experimentos realizados en el laboratorio han demostrado que los CAI pueden detener el crecimiento de varios tumores sólidos incluidos los melanomas(tumores muy metastáticos de las células pigmentarias de la piel)
H15_economy_115,both,['aminoácidos'],['fabricar'], y engarzando los aminoácidos correctos hasta fabricar una,"cinta de música, interpretando sus bases de tres en tres, y engarzando los aminoácidos correctos hasta fabricar unaproteína. Pero conforme se ha ido profundizando en la actividad del"
H15_economy_116,none,[None],[None], Sin embargo incluso cuando puedan,siempre que sea posible realizar el procedimiento con seguridad y efectividad. Sin embargo incluso cuando puedantransferirse copias de un gen normal al paciente para realizar una curación
H15_economy_117,left,"['tratamiento', 'enfermedad', 'genética', 'enfermedad genética']",[None], tratamiento de la enfermedad genética incluidas las de,"consecuencias de su Deficiencia. Se han publicado varias revisiones excelentes del tratamiento de la enfermedad genética incluidas las deValle (1987), Beaudet y cols. (1989)"
H15_economy_118,right,[None],['pacientes'], Sin embargo incluso en pacientes,"(aunque no en todos) si la dieta se interrumpe. Sin embargo incluso en pacientesque se han tratado a lo largo de toda su vida,"
H15_economy_119,both,"['anomalías', 'citogenéticas', 'adicionales']",['cambios'], existir varias anomalías citogenéticas adicionales incluyendo cambios numéricos,"por ejemplo, en la etapa de crisis de blasto, pueden existir varias anomalías citogenéticas adicionales incluyendo cambios numéricoso estructurales, como una segunda copia del cromosoma 9; 22"
H15_economy_120,both,"['formas', 'mendelianas', 'cáncer']",['retinoblastoma'], formas mendelianas graves de cáncer incluidos el retinoblastoma,"adelante. Los genes supresores de tumor se han implicado en varias formas mendelianas graves de cáncer incluidos el retinoblastoma, el tumor de Wilms, la poliposis familiar, la neurofibromatosis"
H15_economy_121,both,"['genética', 'muchos', 'organismos', 'diferentes', 'organismos diferentes']",['hombre'], genética de muchos organismos diferentes incluyendo el hombre,in Genetics publicó un valioso suplemento recogiendo un sumario de la nomenclatura genética de muchos organismos diferentes incluyendo el hombre(ver Bibliografía adicional). Para poder describir las mutaciones (
H15_economy_122,none,[None],[None], enmascarar la manifestación de HD incluso cuando estuviera,del caso de la translocación estos pacientes presentan otras anomalías que podrían enmascarar la manifestación de HD incluso cuando estuvierapresente. Un punto adicional en favor de una ganancia de función
H15_economy_123,both,"['células', 'tumorales', 'células tumorales']",['tumores'], Así las células tumorales incluso de tumores,"DNA derivado de células tumorales, no de células no tumorales. Así las células tumorales incluso de tumoresno víricos, contienen varios oncogenes activados. Este método permitió la"
H15_economy_124,right,[None],['factores'], nucleares de unión a DNA incluyendo factores de,"señales (por ejemplo, la familia RAS, ABL) - nucleares de unión a DNA incluyendo factores detranscripción (por ejemplo, MYC, JUN) - de la"
H15_economy_125,both,"['células', 'muchos', 'tumores']",['cáncer'], células de muchos tumores distintos incluyendo cáncer de,"Es frecuente encontrar mutaciones puntuales específicas que afectan a genes ras en células de muchos tumores distintos incluyendo cáncer decolon, pulmón, mama y vejiga. Estas mutaciones llevan a"
H15_economy_126,left,"['segregación', 'genes', 'mendelianos']",[None], y segregación de genes mendelianos incluso si las,"seguidores de Bateson vieron la genética como el estudio de la transmisión y segregación de genes mendelianos incluso si lasvariantes fenotípicas implicadas eran raras o triviales, mientras que la escuela"
H15_economy_127,left,"['media', 'poblacional', 'media poblacional']",[None], respecto a la media poblacional incluso si el,en estos casos no cabría esperar regresión a la mitad de camino respecto a la media poblacional incluso si elCI fuera un carácter exclusivamente genético. El modelo simplificado de la
H15_economy_128,both,"['defecto', 'gen', 'mitocondrial']",['neuropatía'], un defecto en un gen mitocondrial incluyendo la neuropatía,"como causa de enfermedades, y en muchos trastornos se ha identificado un defecto en un gen mitocondrial incluyendo la neuropatíaóptica hereditaria de Leber. Por consiguiente, las entidades transmitidas mitocondrialmente"
H15_economy_129,right,[None],"['predisposición', 'genética', 'predisposición genética']", Trastorno con causas múltiples incluyendo predisposición genética,menudo es de gran importancia. Enfermedad de las arterias coronarias. Trastorno con causas múltiples incluyendo predisposición genética. Diabetes mellitus. Insuficiencia en la producción de insulina por las
H15_economy_130,left,"['homocigotos', 'heterocigotos']",[None], homocigotos que en heterocigotos y hasta ahora,"como dominante. Los trastornos autosómicos dominantes son típicamente más graves en homocigotos que en heterocigotos y hasta ahorasólo uno de tales trastornos, la enfermedad de Huntington, se"
H15_economy_131,none,[None],[None], Sin embargo hasta la fecha,o bien un componente proteico de una membrana o un receptor. Sin embargo hasta la fechaen la mayor parte de los trastornos autosómicos dominantes. La naturaleza
H15_economy_132,left,['hallar'],[None], hallar en algunos casos hasta una sola,de la biblioteca por medio de métodos sensitivos de valoración que permitan hallar en algunos casos hasta una solacopia del clon en cuestión en un conjunto de hasta 10 millones
H15_economy_133,both,"['normales', 'elementos estructurales']",['solo'], debe tener elementos estructurales normales incluyendo un solo,"otros resultan inestables. Para que un reordenamiento cromosómico sea estable, debe tener elementos estructurales normales incluyendo un solocentrómero funcional y dos telómeros. Algunos de los tipos de reordenamientos"
H15_economy_134,none,[None],[None], Mostrando la extraordinaria utilidad de incluso un,"antes de poder determinar la localización aproximada de los genes individuales. Mostrando la extraordinaria utilidad de incluso unmapa incompleto de los cromosomas, los mapas preliminares del genoma humano"
H15_economy_135,left,"['genes', 'posiciones relativas']",[None], las posiciones relativas de seis genes incluyendo los de,". Sturtevant produjo el primer mapa cromosómico, en el cual calculó las posiciones relativas de seis genes incluyendo los deciertos colores del cuerpo y tamaños de ala sobre el cromosoma X"
H15_economy_136,none,[None],[None], Como consecuencia de ello hasta hace poco,"tres generaciones, los niños, sus padres y sus abuelos. Como consecuencia de ello hasta hace pocomuy pocos genes humanos hablan sido colocados en un mapa de ligamiento"
H15_economy_137,both,"['diagnóstico', 'enfermedades', 'diagnóstico definitivo']",['anemia'], un diagnóstico definitivo de diversas enfermedades incluyendo la anemia,. Los RFLP han sido una herramienta útil en la provisión de un diagnóstico definitivo de diversas enfermedades incluyendo la anemiade células falciformes y la enfermedad de Huntington. Además del diagnóstico
H15_economy_138,left,"['clásica', 'mejora clásica']",[None], la mejora clásica requiere mucho tiempo incluso cuando se,consiguiente que sea una «verdadera» mejora. Es obvio que la mejora clásica requiere mucho tiempo incluso cuando seutilizan artilugios para aumentar las probabilidades a favor del científico que hace
H15_economy_139,both,"['insulina', 'químicamente']",['extremo'], la insulina químicamente fue progresando hasta el extremo,"Por desgracia para estas compañías, la investigación de métodos de modificar la insulina químicamente fue progresando hasta el extremode que ahora es posible modificar la insulina de cerdo para conseguir"
H15_economy_140,both,['bacterias'],['análisis'], que los de las bacterias incluso su análisis,de modificar. Los genomas de los animales son inmensamente más complejos que los de las bacterias incluso su análisisgenético se ve dificultado porque las poblaciones de que se dispone para
H15_economy_141,right,[None],['procesos'], 1 incluyendo los procesos,de la clonación de genes se resumen en la figura 11. 1 incluyendo los procesossiguientes: 1 Aislamiento del gen (u otro fragmento de DNA
H15_economy_142,both,"['transcribe', 'gen', 'completo', 'gen completo']",['intrones'], Se transcribe el gen completo incluyendo los intrones,secuencias intercaladas (intrones) que interrumpen sus secuencias de codificación. Se transcribe el gen completo incluyendo los intrones; éstos se eliminan del RNAm y las piezas restantes (axones
H15_economy_143,both,"['secuencia', 'gen', 'secuencia del gen']",['intrones'], la secuencia del gen nativo incluyendo sus intrones,"o, esta aproximación no se puede utilizar si se desea analizar la secuencia del gen nativo incluyendo sus intrones. En el último caso, el DNAc se puede marcar radiactivamente"
H15_economy_144,left,['genes'],[None], pueden llevar genes muy importantes incluyendo los de,"pasan a las células hijas durante la división celular. Estos plásmidos pueden llevar genes muy importantes incluyendo los deresistencia a antibióticos, los de producción de toxinas o de antibióticos"
H15_economy_145,both,['evolución'],['especies'], a través de la evolución incluso entre especies,"las secuencias de aminoácidos de H2A, H2B, H3 y H4 a través de la evolución incluso entre especiestan distintas como pollos v seres humanos. Dos copias de cada"
H15_economy_146,both,"['unidad', 'cromatina']",['núcleo'], con cada unidad de cromatina incluidos el núcleo,"la región espaciadora internucleosómica. La cantidad de DNA que se asocia con cada unidad de cromatina incluidos el núcleodel nucleosoma y la región espaciadora, es de alrededor de 200"
H15_economy_147,none,[None],[None], Sin embargo incluso en los,"con el estado altamente condensado de la cromatina en la metafase. Sin embargo incluso en loscromosomas en interfase, el DNA en la cromatina se halla sustancialmente"
H15_economy_148,both,"['mitocondriales', 'trastornos']",['neuropatía'], mitocondriales en varios trastornos neuromusculares incluida la neuropatía,"ácido ribonucleico (RNA). Se han demostrado mutaciones en genes mitocondriales en varios trastornos neuromusculares incluida la neuropatíaóptica hereditaria de Leber, que se trasmite por vía materna ("
H15_economy_149,both,['genética'],['estudios'], en la genética médica humana incluyendo los estudios,". Entre las clases de cultivos que se emplean con mayor frecuencia en la genética médica humana incluyendo los estudiosde mapeo génico, se encuentran los siguientes: Linfocitos de sangre"
H15_economy_150,right,[None],['después'], conveniente pueden estudiarla más tarde incluso decenios después,"en nitrógeno líquido, y diferentes grupos de investigadores en cualquier momento conveniente pueden estudiarla más tarde incluso decenios despuésde la muerte del paciente. El campo del mapeo génico ha"
H15_economy_151,both,"['diagnosticar', 'enfermedades', 'enfermedades genéticas']",['ausencia'], utilizarse para diagnosticar enfermedades genéticas incluso en ausencia,ha apreciado durante decenios es que un mapa de ligamiento genético puede utilizarse para diagnosticar enfermedades genéticas incluso en ausenciade información concreta acerca de la naturaleza bioquímica o molecular del trastorno
H15_economy_152,left,['enzima'],[None], que el papel del enzima incluso aunque catalice,"enzima es esencial en el ciclo del glioxilato. Es interesante resaltar que el papel del enzima incluso aunque cataliceuna reacción idéntica en cada caso, es bastante diferente. En"
H15_economy_153,left,"['enfermedad', 'desconocen']",[None], xxx y enfermedad se desconocen hasta la fecha,. Si bien las bases de la mayor parte de asociaciones entre xxx y enfermedad se desconocen hasta la fechalas pruebas sugieren que los genes xxx no son los responsables únicos
H15_economy_154,left,"['mitocondriales', 'células', 'animales', 'células animales']",[None], mitocondriales de las células animales incluyendo las humanas,"humano es radicalmente diferente de la del genoma nuclear. Los genomas mitocondriales de las células animales incluyendo las humanas, presentan varias características de los genomas procariotas: pequeño tamaño,"
H15_economy_155,both,"['genes', 'eubacteria']",['genes'], los genes de la eubacteria incluyendo los genes,genoma nuclear; el genoma mitocondrial retuvo presumiblemente una pequeña parte de los genes de la eubacteria incluyendo los genesprincipales de rRNA y de tRNA y unos pocos genes codificantes de
H15_economy_156,left,"['mayoría', 'proteínas', 'mitocondriales', 'enzimas']",[None], mayoría de las proteínas mitocondriales incluyendo enzimas,en el sistema de fosforilación oxidativa (Oxphos). La gran mayoría de las proteínas mitocondriales incluyendo enzimasproteínas ribosómicas y la mayor parte de las proteínas del sistema de
H15_economy_157,both,"['tamaño', 'genoma', 'aumento del tamaño', 'tamaño del genoma']","['duplicaciones', 'ocasionales']", aumento del tamaño del genoma incluyendo duplicaciones ocasionales,genoma. Existen varios mecanismos diferentes que probablemente hayan contribuido al gran aumento del tamaño del genoma incluyendo duplicaciones ocasionalesde todo el genoma (tetraploidización) y una variedad de reacciones
H15_economy_158,left,"['gen', 'funcional', 'gen funcional']",[None], relacionada con el gen funcional incluso asumiendo que,genes originales que gran parte de su secuencia no será reconocida como relacionada con el gen funcional incluso asumiendo queno se haya perdido durante reordenaciones ocasionales que provocaran delaciones de las
H15_economy_159,both,"['loci', 'polimórficos', 'loci polimórficos']",['marcadores'], el empleo de loci polimórficos incluyendo marcadores,"En 1987 se publicó el primero de estos mapas, basado en el empleo de loci polimórficos incluyendo marcadoresRFLP. La empresa fue mayúscula: el estudio requirió la tipificación"
H15_economy_160,left,"['células', 'cancerosas', 'organismo', 'células cancerosas']",[None], las células cancerosas del organismo incluidas aquellas que,"es una reacción sistémica que podría, en principio, eliminar todas las células cancerosas del organismo incluidas aquellas queemigran desde su lugar de origen o las que reaparecen tras años"
H15_economy_161,left,"['células', 'cáncer']",[None], las células de un cáncer incluso aunque se,casos los anticuerpos del ratón reaccionan in vitro uniéndose a prácticamente todas las células de un cáncer incluso aunque sehayan tomado de individuos distintos con el mismo tipo de cáncer.
H15_economy_162,none,[None],[None], culpable por asociación incluso sin ninguna,subsanar tales lagunas mediante la aplicación que se ha venido a llamar culpable por asociación incluso sin ningunapista previa sobre el papel de los genes en el organismo.
H15_economy_163,left,"['biosensores', 'detecten', 'tóxicas', 'moléculas tóxicas']",[None], biosensores que detecten moléculas tóxicas incluidos plaguicidas y,podría adaptarse a la producción de membranas artificiales de empleo potencial en biosensores que detecten moléculas tóxicas incluidos plaguicidas ygases neurotóxicos. En mi laboratorio se ha preparado una versión mutante
H15_economy_164,none,[None],[None], Pese a ello hasta el manejo,humanos. Pero en 1984 no llegaban al millar los cartografiados. Pese a ello hasta el manejode 1000 genes en nuestros grupos de afectados de sida constituía una
H15_economy_165,both,"['genética', 'protección genética']",['después'], protección genética contra el VIH incluso después de,"deleción, cuando se heredaba de ambos progenitores, ofrecía una vigorosa protección genética contra el VIH incluso después derepetidas exposiciones al virus. Y la herencia de una variedad mutante"
H15_economy_166,left,['gen'],[None], del gen CCR2B que incluso cuando se,"por ejemplo, de nuestro propio grupo. Hemos identificado una variante del gen CCR2B que incluso cuando sepresenta en una sola copia, retrasa la aparición del sida dos"
H15_economy_167,both,['tamaño'],['tumores'], consigue que remita el tamaño incluso de tumores,el tratamiento del melanoma. En algunos casos el tratamiento con lipoplejos consigue que remita el tamaño incluso de tumoresno inyectados. Otros estudios con lipoplejos que portan el gen de
H15_economy_168,left,"['elevada', 'proteína']",[None], local muy elevada de proteína hasta nanogramos,". Con ser eso mucho, conseguimos, además, una concentración local muy elevada de proteína hasta nanogramosdel producto del gen por gramo de tejido muscular. Pese a"
H15_economy_169,both,"['tipos', 'tipos de moléculas']",['colas'], incorporan varios tipos de moléculas incluidas las colas,". Estas adhesiones, que pueden variar en tamaño y estructura, incorporan varios tipos de moléculas incluidas las colascitoplásmicas de las agrupaciones de integrinas y algunos componentes del citoesqueleto."
H15_economy_170,left,"['organismos', 'pluricelulares', 'organismos pluricelulares']",[None], de todos los organismos pluricelulares incluidos los humanos,"autosacrifican para que usted sobreviva. Investigaciones recientes indican que la salud de todos los organismos pluricelulares incluidos los humanos, depende no sólo de que el cuerpo sea capaz de producir"
H15_economy_171,left,"['protectora', 'piel']",[None], protectora externa de la piel hasta que se,"cubierta que repele el agua. Estas células muertas constituyen la capa protectora externa de la piel hasta que secaen, reemplazadas por otros queratinocitos. Aunque la mayoría de los"
H15_economy_172,left,['década'],[None], durante más de una década hasta que los,"de la publicación de 1972, sus observaciones durmieron en el limbo durante más de una década hasta que lospocos grupos que a la sazón seguían la pista de la apoptosis"
H15_economy_173,left,"['tumores', 'tumores sólidos']",[None], de todos los tumores sólidos incluidos los de,"célula cuando el ADN sufre daños. En más de la mitad de todos los tumores sólidos incluidos los depulmón, colon y mama, falta la proteína p53 o no"
H15_economy_174,none,[None],[None], Y más aún hasta el,"por ciento de los complejos aislados contenían proteínas de función desconocida. Y más aún hasta elpor ciento de las proteínas interaccionaban al menos con otra proteína,"
H15_economy_175,none,[None],[None], al cabo de unos días incluso en las,"síntesis de nuevas proteínas. La mayoría de las proteínas se renuevan al cabo de unos días incluso en lascélulas que raramente se dividen, como hepatocitos o neuronas. Según"
H15_economy_176,both,"['tipos', 'cáncer', 'tipos de cáncer']",['mieloma'], a varios tipos de cáncer incluido el mieloma,Pharmaceutical están ensayando un inhibidor experimental del proteosoma cuya acción se extenderá a varios tipos de cáncer incluido el mielomamúltiple. La misma empresa ha empezado las fases iniciales de inocuidad
H15_economy_177,left,"['anclaje', 'células', 'inmunitarias', 'células inmunitarias']",[None], anclaje en las células inmunitarias hasta el último,"de enlace preciso que utiliza para engancharse al CD4, lugar de anclaje en las células inmunitarias hasta el últimonanosegundo, en que se abre de repente como una navaja."
H15_economy_178,left,"['anticuerpo', 'murino', 'proteína', 'proteína humana']",[None], el anticuerpo murino con proteína humana incluida la mayor,"para sustituir, de forma selectiva y en todo lo posible, el anticuerpo murino con proteína humana incluida la mayorparte de las regiones de unión al antígeno. Campath, fabricado"
H15_economy_179,both,"['numerosos', 'tratamientos', 'antivíricos']",['vacunas'], Contamos con numerosos tratamientos antivíricos incluidas varias vacunas,cuantas vacunas. Pero las cosas han dado un vuelco radical. Contamos con numerosos tratamientos antivíricos incluidas varias vacunasnuevas; muchos más se encuentran en vías de desarrollo. Si
H15_economy_180,both,['organismos'],['virus'], las ya identificadas en otros organismos incluidos otros virus,") Descifrada la secuencia del virus de interés, se coteja con las ya identificadas en otros organismos incluidos otros virus, para así averiguar su segmentación en genes. Las ristras de"
H15_economy_181,both,['carbono'],['interacciones'], de carbono y otras moléculas incluidas las interacciones,"otros, podrían ser moléculas que influyan sobre las interacciones entre hidratos de carbono y otras moléculas incluidas las interaccionescon enzimas (catalizadores biológicos) que controlan la síntesis o degradación"
H15_economy_182,left,"['glucoconjugados', 'enfermedades', 'infecciosas', 'enfermedades infecciosas']",[None], con glucoconjugados para enfermedades infecciosas incluida la que,proteína que activa la respuesta inmunitaria. Hay en estudio otras vacunas con glucoconjugados para enfermedades infecciosas incluida la quedebe proteger contra infecciones de Staphylococcus aureus en pacientes hospitalizados. Diversos
H15_economy_183,left,"['nerviosas', 'regiones', 'regiones cerebrales']",[None], nerviosas de otras regiones cerebrales incluidas las que,"del tronco cerebral podría entorpecer el desarrollo y tendido adecuado de redes nerviosas de otras regiones cerebrales incluidas las queintervienen en funciones de nivel superior, como el habla, dando"
H15_economy_184,left,"['variantes', 'virus', 'variantes del virus']",[None], todas las variantes del virus incluidas las que,"contra la gripe, el fármaco debía hallarse capacitado para atacar a todas las variantes del virus incluidas las quese ignora si provocan enfermedad en humanos. Una cepa de virus"
H15_economy_185,left,['gripe'],[None], la gripe que apareciera en personas incluidos los transmitidos,constante en todas las cepas. Actuaría así contra cualquier virus de la gripe que apareciera en personas incluidos los transmitidosdirectamente por animales. El trabajo estructural que permitió desarrollar los inhibidores
H15_economy_186,left,"['polímeros', 'artificiales', 'polímeros artificiales']",[None], van desintegrando los polímeros artificiales hasta que sólo,"y reorganizan para formar tejido nuevo. Al propio tiempo, se van desintegrando los polímeros artificiales hasta que sóloqueda formado un producto completamente natural, un neoórgano. La creación"
H15_economy_187,left,"['matriz', 'tridimensional']",[None], en una matriz tridimensional hasta el lugar,en la sabiduría bioquímica del organismo. Se transfieren las células apropiadas en una matriz tridimensional hasta el lugardeseado; el crecimiento se produce dentro de la persona o del
H15_economy_188,left,['les'],[None], les somete a procedimientos varios incluida una intervención,"síndrome infantil. A quienes padecen incontinencia severa o reflujo vesical se les somete a procedimientos varios incluida una intervenciónquirúrgica delicada. Los adultos reciben a veces colágeno, que proporciona"
H15_economy_189,left,"['pacientes', 'cáncer', 'metastásico', 'cáncer colorrectal', 'cáncer colorrectal metastásico']",[None], los pacientes con cáncer colorrectal metastásico incluso en los,"estudios en fase II, el irinotecan posee actividad antitumoral objetiva en los pacientes con cáncer colorrectal metastásico incluso en lospacientes con tumores documentados resistentes al fluorouracilo con tasas de respuesta del"
H15_economy_190,both,"['cantidades', 'diana', 'cantidades ínfimas']",['partir'], cantidades ínfimas de DNA diana incluso a partir,la reacción de PCR La PCR puede amplificar secuencias a partir de cantidades ínfimas de DNA diana incluso a partirdel DNA contenido en una sola célula. Esta elevada sensibilidad ha
H15_economy_191,both,"['amplificar', 'fragmentos']",['fragmento'], llegar a amplificar fragmentos largos incluyendo un fragmento,puesto a punto unas condiciones de reacción en las que se pueden llegar a amplificar fragmentos largos incluyendo un fragmentode 42kb derivado del genoma del bacteriófago xxx. Las condiciones para
H15_economy_192,left,['polimerasas'],[None], Muchas DNA polimerasas incluyendo la de,"hebra no sirva para iniciar o continuar la síntesis del DNA. Muchas DNA polimerasas incluyendo la deE. coli, presentan una actividad xxx exonucleasa integrada. Cuando"
H15_economy_193,left,"['extremo', 'hidroxilo']",[None], del extremo 3 hidroxilo hasta que llega,", la actividad xxx exonucleasa elimina un nucleótido por vez a partir del extremo 3 hidroxilo hasta que llegaa un par de bases terminal correctamente apareado. Esto permite que"
H15_economy_194,none,[None],[None], Esto implica que incluso cuando se,"menos un nucleótido incorrecto como consecuencia de un error de copiado. Esto implica que incluso cuando seusa como molde una única secuencia de DNA, el producto final"
H15_economy_195,left,"['ensayo', 'complementación', 'funcional', 'complementación funcional', 'ensayo de complementación funcional']",[None], un ensayo de complementación funcional incluso cuando se,identificado mediante ensayos de complementación funcional En algunos casos se puede realizar un ensayo de complementación funcional incluso cuando sedesconoce el producto génico. Se han empleado mutantes de levadura para
H15_economy_196,left,"['enfermedades', 'suelan', 'ser', 'variables', 'enfermedades genéticas']",[None], las enfermedades genéticas suelan ser variables incluso dentro de,"en las hemoglobinopatías y en las mutaciones en RET - El que las enfermedades genéticas suelan ser variables incluso dentro dela misma familia, de forma que conocer la existencia de la"
H15_economy_197,none,[None],[None], de DNA de 3 hasta el punto,con nucleasa S1 resulta en la digestión progresiva de la secuencia protuberante de DNA de 3 hasta el puntoen el que el DNA está hibridado al extremo 5'del
H15_economy_198,both,"['manipularse', 'formar']",['parcial'], manipularse para formar nuevos anticuerpos incluyendo anticuerpos parcial,"Anticuerpos manipulados por ingeniería genética: los genes de los anticuerpos pueden manipularse para formar nuevos anticuerpos incluyendo anticuerpos parcialo completamente humanizados, para su uso como nuevos agentes terapéuticos;"
H15_economy_199,both,"['mecanismos', 'diversidad']","['frecuentes', 'mutaciones']", mecanismos añaden aún más diversidad incluyendo frecuentes mutaciones,cada célula individual (ver página 191 en adelante). Otros mecanismos añaden aún más diversidad incluyendo frecuentes mutacionessomáticas. Como resultado se tiene que cada individuo posee una población
H15_economy_200,both,"['roedores', 'terapia']",['específicos'], de roedores para la terapia incluyendo los específicos,los anticuerpos de roedor permite acceder a un gran acervo de mAbs de roedores para la terapia incluyendo los específicoscontra antígenos humanos que son difíciles de obtener en una respuesta inmune
H15_economy_201,both,"['superficie', 'células', 'células humanas']","['antígenos', 'tumorales']", de superficie de células humanas incluyendo antígenos tumorales,han sido construidos contra una amplia gama de patógenos microbianos y marcadores de superficie de células humanas incluyendo antígenos tumorales. En algunos casos han sido también empleados en clínica (ver
H15_economy_202,none,[None],[None], 1 incluyendo los que,"se perdieron para el seguimiento antes del periodo 3 (fig. 1 incluyendo los queno recibieron la medicación en estudio), con lo que la"
